Total Words : 56506
Correctly Tagged Words: 50188 
Accuracy :0.888188864899303

			$ 	'' 	( 	) 	, 	. 	: 	CC 	CD 	DT 	EX 	FW 	IN 	JJ 	JJR 	JJS 	LS 	MD 	NN 	NNP 	NNPS 	NNS 	PDT 	POS 	PRP 	PRP$ 	RB 	RBR 	RBS 	RP 	TO 	UH 	VB 	VBD 	VBG 	VBN 	VBP 	VBZ 	WDT 	WP 	WP$ 	WRB 	`` 	
$ 		0.000	0.000	0.000	0.000	0.000	0.000	0.000	0.000	0.000	0.000	0.000	0.000	0.000	0.000	0.000	0.000	0.000	0.000	0.000	0.063	0.000	0.000	0.000	0.000	0.000	0.000	0.000	0.000	0.000	0.000	0.000	0.000	0.000	0.000	0.000	0.000	0.000	0.000	0.000	0.000	0.000	0.000	0.000	
'' 		0.000	0.000	0.000	0.000	0.000	0.000	0.000	0.000	0.000	0.000	0.000	0.000	0.000	0.000	0.000	0.000	0.000	0.000	0.000	0.000	0.000	0.000	0.000	0.079	0.000	0.000	0.000	0.000	0.000	0.000	0.000	0.000	0.000	0.000	0.000	0.000	0.000	0.000	0.000	0.000	0.000	0.000	0.000	
( 		0.000	0.000	0.000	0.000	0.000	0.000	0.000	0.000	0.000	0.000	0.000	0.000	0.000	0.000	0.000	0.000	0.000	0.000	0.000	0.000	0.000	0.000	0.000	0.000	0.000	0.000	0.000	0.000	0.000	0.000	0.000	0.000	0.000	0.000	0.000	0.000	0.000	0.000	0.000	0.000	0.000	0.000	0.000	
) 		0.000	0.000	0.000	0.000	0.000	0.000	0.000	0.000	0.000	0.000	0.000	0.000	0.000	0.000	0.000	0.000	0.000	0.000	0.000	0.000	0.000	0.000	0.000	0.000	0.000	0.000	0.000	0.000	0.000	0.000	0.000	0.000	0.000	0.000	0.000	0.000	0.000	0.000	0.000	0.000	0.000	0.000	0.000	
, 		0.000	0.000	0.000	0.000	0.000	0.000	0.000	0.000	0.000	0.000	0.000	0.000	0.000	0.000	0.000	0.000	0.000	0.000	0.000	0.000	0.000	0.000	0.000	0.000	0.000	0.000	0.000	0.000	0.000	0.000	0.000	0.000	0.000	0.000	0.000	0.000	0.000	0.000	0.000	0.000	0.000	0.000	0.000	
. 		0.000	0.000	0.000	0.000	0.000	0.000	0.000	0.000	0.000	0.000	0.000	0.000	0.000	0.000	0.000	0.000	0.000	0.000	0.000	0.000	0.000	0.000	0.000	0.000	0.000	0.000	0.000	0.000	0.000	0.000	0.000	0.000	0.000	0.000	0.000	0.000	0.000	0.000	0.000	0.000	0.000	0.000	0.000	
: 		0.000	0.000	0.000	0.000	0.000	0.000	0.000	0.000	0.000	0.000	0.000	0.000	0.000	0.000	0.000	0.000	0.000	0.000	0.000	0.000	0.000	0.000	0.000	0.000	0.000	0.000	0.000	0.000	0.000	0.000	0.000	0.000	0.000	0.000	0.000	0.000	0.000	0.000	0.000	0.000	0.000	0.000	0.000	
CC 		0.000	0.000	0.000	0.000	0.000	0.000	0.000	0.000	0.000	0.174	0.000	0.000	0.000	0.000	0.000	0.000	0.000	0.000	0.000	0.000	0.000	0.000	0.000	0.000	0.000	0.000	0.016	0.000	0.000	0.000	0.000	0.000	0.000	0.000	0.000	0.000	0.000	0.000	0.000	0.000	0.000	0.000	0.000	
CD 		0.000	0.000	0.000	0.000	0.000	0.000	0.000	0.000	0.000	0.000	0.000	0.000	0.000	0.000	0.000	0.000	0.000	0.000	6.426	0.158	0.000	0.000	0.000	0.000	0.000	0.000	0.000	0.000	0.000	0.000	0.000	0.000	0.000	0.000	0.000	0.000	0.000	0.000	0.000	0.000	0.000	0.000	0.000	
DT 		0.000	0.000	0.000	0.000	0.000	0.000	0.000	0.000	0.000	0.000	0.000	0.000	1.076	0.032	0.000	0.000	0.000	0.000	0.032	0.000	0.000	0.000	0.000	0.000	0.000	0.000	0.000	0.000	0.000	0.000	0.000	0.000	0.000	0.000	0.000	0.000	0.000	0.000	0.000	0.000	0.000	0.000	0.000	
EX 		0.000	0.000	0.000	0.000	0.000	0.000	0.000	0.000	0.000	0.000	0.000	0.000	0.000	0.000	0.000	0.000	0.000	0.000	0.000	0.000	0.000	0.000	0.000	0.000	0.000	0.000	0.000	0.000	0.000	0.000	0.000	0.000	0.000	0.000	0.000	0.000	0.000	0.000	0.000	0.000	0.000	0.000	0.000	
FW 		0.000	0.000	0.000	0.000	0.000	0.000	0.000	0.000	0.000	0.000	0.000	0.000	0.000	0.000	0.000	0.000	0.000	0.000	0.158	0.158	0.000	0.000	0.000	0.000	0.000	0.000	0.000	0.000	0.000	0.000	0.000	0.000	0.000	0.000	0.000	0.000	0.000	0.000	0.000	0.000	0.000	0.000	0.000	
IN 		0.000	0.000	0.000	0.000	0.000	0.000	0.000	0.000	0.000	0.063	0.000	0.000	0.000	0.158	0.000	0.000	0.000	0.000	0.063	0.190	0.000	0.000	0.000	0.000	0.000	0.000	0.253	0.000	0.000	0.443	0.000	0.000	0.000	0.000	0.000	0.000	0.000	0.000	0.000	0.000	0.000	0.000	0.000	
JJ 		0.000	0.000	0.000	0.000	0.000	0.000	0.000	0.000	0.047	0.000	0.000	0.000	0.063	0.000	0.000	0.016	0.000	0.000	15.274	2.026	0.000	0.000	0.000	0.000	0.000	0.000	0.918	0.000	0.000	0.016	0.000	0.000	0.127	0.522	0.443	1.630	0.047	0.000	0.000	0.000	0.000	0.000	0.000	
JJR 		0.000	0.000	0.000	0.000	0.000	0.000	0.000	0.000	0.000	0.000	0.000	0.000	0.000	0.016	0.000	0.000	0.000	0.000	0.253	0.016	0.000	0.000	0.000	0.000	0.000	0.000	0.000	1.235	0.000	0.000	0.000	0.000	0.000	0.000	0.000	0.000	0.000	0.000	0.000	0.000	0.000	0.000	0.000	
JJS 		0.000	0.000	0.000	0.000	0.000	0.000	0.000	0.000	0.000	0.000	0.000	0.000	0.000	0.000	0.000	0.000	0.000	0.000	0.127	0.047	0.000	0.000	0.000	0.000	0.000	0.000	0.000	0.000	0.000	0.000	0.000	0.000	0.000	0.000	0.000	0.000	0.000	0.000	0.000	0.000	0.000	0.000	0.000	
LS 		0.000	0.000	0.000	0.000	0.000	0.000	0.000	0.000	0.063	0.000	0.000	0.000	0.000	0.000	0.000	0.000	0.000	0.000	0.000	0.000	0.000	0.000	0.000	0.000	0.000	0.000	0.000	0.000	0.000	0.000	0.000	0.000	0.000	0.000	0.000	0.000	0.000	0.000	0.000	0.000	0.000	0.000	0.000	
MD 		0.000	0.000	0.000	0.000	0.000	0.000	0.000	0.000	0.000	0.000	0.000	0.000	0.000	0.000	0.000	0.000	0.000	0.000	0.000	0.032	0.000	0.000	0.000	0.000	0.000	0.000	0.000	0.000	0.000	0.000	0.000	0.000	0.000	0.000	0.000	0.000	0.000	0.000	0.000	0.000	0.000	0.000	0.000	
NN 		0.000	0.000	0.000	0.000	0.000	0.000	0.000	0.032	0.095	0.000	0.000	0.000	0.095	1.599	0.000	0.000	0.000	0.047	0.000	2.295	0.000	0.111	0.000	0.000	0.000	0.000	0.016	0.000	0.000	0.000	0.000	0.000	2.026	0.016	1.250	0.032	0.459	0.016	0.000	0.000	0.000	0.000	0.000	
NNP 		0.000	0.000	0.000	0.000	0.000	0.000	0.000	0.000	0.047	0.079	0.000	0.000	0.016	1.314	0.016	0.000	0.000	0.000	0.301	0.000	0.617	0.174	0.000	0.000	0.000	0.000	0.000	0.000	0.000	0.000	0.000	0.000	0.047	0.000	0.000	0.000	0.000	0.016	0.000	0.000	0.000	0.000	0.000	
NNPS 		0.000	0.000	0.000	0.000	0.000	0.000	0.000	0.000	0.000	0.000	0.000	0.000	0.000	0.079	0.000	0.000	0.000	0.000	0.016	0.317	0.000	0.127	0.000	0.000	0.000	0.000	0.000	0.000	0.000	0.000	0.000	0.000	0.000	0.000	0.000	0.000	0.000	0.000	0.000	0.000	0.000	0.000	0.000	
NNS 		0.000	0.000	0.000	0.000	0.000	0.000	0.000	0.000	0.095	0.000	0.000	0.000	0.000	0.016	0.000	0.000	0.000	0.000	10.193	1.409	0.142	0.000	0.000	0.000	0.000	0.000	0.000	0.000	0.000	0.000	0.000	0.000	0.000	0.000	0.000	0.000	0.000	1.535	0.000	0.000	0.000	0.000	0.000	
PDT 		0.000	0.000	0.000	0.000	0.000	0.000	0.000	0.000	0.000	0.174	0.000	0.000	0.000	0.063	0.000	0.000	0.000	0.000	0.047	0.000	0.000	0.000	0.000	0.000	0.000	0.000	0.000	0.000	0.000	0.000	0.000	0.000	0.000	0.000	0.000	0.000	0.000	0.000	0.000	0.000	0.000	0.000	0.000	
POS 		0.000	0.000	0.000	0.000	0.000	0.000	0.000	0.000	0.000	0.000	0.000	0.000	0.000	0.000	0.000	0.000	0.000	0.000	0.000	0.000	0.000	0.000	0.000	0.000	0.000	0.000	0.000	0.000	0.000	0.000	0.000	0.000	0.000	0.000	0.000	0.000	0.000	0.000	0.000	0.000	0.000	0.000	0.000	
PRP 		0.000	0.000	0.000	0.000	0.000	0.000	0.000	0.000	0.095	0.000	0.000	0.000	0.000	0.000	0.000	0.000	0.000	0.000	0.000	0.000	0.000	0.000	0.000	0.000	0.000	0.127	0.000	0.000	0.000	0.000	0.000	0.000	0.000	0.000	0.000	0.000	0.000	0.000	0.000	0.000	0.000	0.000	0.000	
PRP$ 		0.000	0.000	0.000	0.000	0.000	0.000	0.000	0.000	0.000	0.000	0.000	0.000	0.000	0.000	0.000	0.000	0.000	0.000	0.000	0.047	0.000	0.000	0.000	0.000	0.000	0.000	0.000	0.000	0.000	0.000	0.000	0.000	0.000	0.000	0.000	0.000	0.000	0.000	0.000	0.000	0.000	0.000	0.000	
RB 		0.000	0.000	0.000	0.000	0.000	0.000	0.000	0.032	0.000	0.222	0.095	0.000	2.263	0.918	0.000	0.032	0.000	0.000	2.121	0.506	0.000	0.000	0.000	0.000	0.000	0.000	0.000	0.000	0.000	0.554	0.000	0.000	0.127	0.000	0.000	0.000	0.000	0.000	0.000	0.000	0.000	0.000	0.000	
RBR 		0.000	0.000	0.000	0.000	0.000	0.000	0.000	0.000	0.000	0.000	0.000	0.000	0.000	0.032	0.649	0.000	0.000	0.000	0.016	0.016	0.000	0.000	0.000	0.000	0.000	0.000	0.000	0.000	0.000	0.000	0.000	0.000	0.000	0.000	0.000	0.000	0.000	0.000	0.000	0.000	0.000	0.000	0.000	
RBS 		0.000	0.000	0.000	0.000	0.000	0.000	0.000	0.000	0.000	0.000	0.000	0.000	0.000	0.000	0.000	0.475	0.000	0.000	0.000	0.000	0.000	0.000	0.000	0.000	0.000	0.000	0.000	0.000	0.000	0.000	0.000	0.000	0.000	0.000	0.000	0.000	0.000	0.000	0.000	0.000	0.000	0.000	0.000	
RP 		0.000	0.000	0.000	0.000	0.000	0.000	0.000	0.000	0.000	0.000	0.000	0.000	0.601	0.000	0.000	0.000	0.000	0.000	0.016	0.016	0.000	0.000	0.000	0.000	0.000	0.000	0.475	0.000	0.000	0.000	0.000	0.000	0.000	0.000	0.000	0.000	0.000	0.000	0.000	0.000	0.000	0.000	0.000	
TO 		0.000	0.000	0.000	0.000	0.000	0.000	0.000	0.000	0.000	0.000	0.000	0.000	0.000	0.000	0.000	0.000	0.000	0.000	0.000	0.000	0.000	0.000	0.000	0.000	0.000	0.000	0.000	0.000	0.000	0.000	0.000	0.000	0.000	0.000	0.000	0.000	0.000	0.000	0.000	0.000	0.000	0.000	0.000	
UH 		0.000	0.000	0.000	0.000	0.000	0.000	0.000	0.000	0.000	0.016	0.000	0.000	0.000	0.000	0.000	0.000	0.000	0.000	0.016	0.047	0.000	0.000	0.000	0.000	0.000	0.000	0.047	0.000	0.000	0.000	0.000	0.000	0.000	0.000	0.000	0.000	0.000	0.000	0.000	0.000	0.000	0.000	0.000	
VB 		0.000	0.000	0.000	0.000	0.000	0.000	0.000	0.000	0.000	0.000	0.000	0.000	0.063	0.364	0.016	0.000	0.000	0.000	2.833	0.269	0.000	0.000	0.000	0.000	0.000	0.000	0.032	0.000	0.000	0.000	0.000	0.000	0.000	0.016	0.000	0.222	3.102	0.000	0.000	0.000	0.000	0.000	0.000	
VBD 		0.000	0.000	0.000	0.000	0.000	0.000	0.000	0.000	0.000	0.000	0.000	0.000	0.000	0.047	0.000	0.000	0.000	0.000	2.248	0.032	0.000	0.000	0.000	0.000	0.000	0.000	0.000	0.000	0.000	0.000	0.000	0.000	0.158	0.000	0.000	3.387	0.000	0.000	0.000	0.000	0.000	0.000	0.000	
VBG 		0.000	0.000	0.000	0.000	0.000	0.000	0.000	0.000	0.000	0.000	0.000	0.000	0.000	0.047	0.000	0.000	0.000	0.000	4.115	0.364	0.000	0.000	0.000	0.000	0.000	0.000	0.000	0.000	0.000	0.000	0.000	0.000	0.095	0.000	0.000	0.000	0.000	0.000	0.000	0.000	0.000	0.000	0.000	
VBN 		0.000	0.000	0.000	0.000	0.000	0.000	0.000	0.000	0.000	0.000	0.000	0.000	0.000	0.063	0.000	0.000	0.000	0.000	3.197	0.079	0.000	0.000	0.000	0.000	0.000	0.000	0.000	0.000	0.000	0.000	0.000	0.000	0.380	2.976	0.000	0.000	0.000	0.000	0.000	0.000	0.000	0.000	0.000	
VBP 		0.000	0.000	0.000	0.000	0.000	0.000	0.000	0.000	0.000	0.000	0.000	0.000	0.016	0.063	0.000	0.000	0.000	0.000	1.393	0.047	0.000	0.000	0.000	0.000	0.000	0.000	0.000	0.000	0.000	0.000	0.000	0.000	1.630	0.000	0.000	0.063	0.000	0.000	0.000	0.000	0.000	0.000	0.000	
VBZ 		0.000	0.000	0.000	0.000	0.000	0.000	0.000	0.000	0.000	0.000	0.000	0.000	0.000	0.000	0.000	0.000	0.000	0.000	1.440	0.079	0.000	0.665	0.000	1.219	0.000	0.000	0.000	0.000	0.000	0.000	0.000	0.000	0.063	0.000	0.000	0.000	0.000	0.000	0.000	0.000	0.000	0.000	0.000	
WDT 		0.000	0.000	0.000	0.000	0.000	0.000	0.000	0.000	0.000	0.000	0.000	0.000	2.184	0.000	0.000	0.000	0.000	0.000	0.032	0.000	0.000	0.000	0.000	0.000	0.000	0.000	0.000	0.000	0.000	0.000	0.000	0.000	0.000	0.000	0.000	0.000	0.000	0.000	0.000	0.016	0.000	0.000	0.000	
WP 		0.000	0.000	0.000	0.000	0.000	0.000	0.000	0.000	0.000	0.000	0.000	0.000	0.000	0.000	0.000	0.000	0.000	0.000	0.000	0.000	0.000	0.000	0.000	0.000	0.000	0.000	0.000	0.000	0.000	0.000	0.000	0.000	0.000	0.000	0.000	0.000	0.000	0.000	0.000	0.000	0.000	0.000	0.000	
WP$ 		0.000	0.000	0.000	0.000	0.000	0.000	0.000	0.000	0.000	0.000	0.000	0.000	0.000	0.000	0.000	0.000	0.000	0.000	0.000	0.000	0.000	0.000	0.000	0.000	0.000	0.000	0.000	0.000	0.000	0.000	0.000	0.000	0.000	0.000	0.000	0.000	0.000	0.000	0.000	0.000	0.000	0.000	0.000	
WRB 		0.000	0.000	0.000	0.000	0.000	0.000	0.000	0.000	0.000	0.000	0.000	0.000	0.000	0.000	0.000	0.000	0.000	0.000	0.016	0.000	0.000	0.000	0.000	0.000	0.000	0.000	0.016	0.000	0.000	0.000	0.000	0.000	0.000	0.000	0.000	0.000	0.000	0.000	0.000	0.000	0.000	0.000	0.000	
`` 		0.000	0.000	0.000	0.000	0.000	0.000	0.000	0.000	0.000	0.000	0.000	0.000	0.000	0.000	0.000	0.000	0.000	0.000	0.000	0.000	0.000	0.000	0.000	0.000	0.000	0.000	0.000	0.000	0.000	0.000	0.000	0.000	0.000	0.000	0.000	0.000	0.000	0.000	0.000	0.000	0.000	0.000	0.000	

<$> 	<$ --> 	<NNP 0.06>	
<''> 	<'' --> 	<POS 0.08>	
<(> 	<( --> 	
<)> 	<) --> 	
<,> 	<, --> 	
<.> 	<. --> 	
<:> 	<: --> 	
<CC> 	<CC --> 	<DT 0.17>	<RB 0.02>	
<CD> 	<NN 6.43>	<NNP 0.16>	<CD --> 	
<DT> 	<DT --> 	<IN 1.08>	<NN 0.03>	<JJ 0.03>	
<EX> 	<EX --> 	
<FW> 	<NNP 0.16>	<NN 0.16>	
<IN> 	<NNP 0.19>	<IN --> 	<DT 0.06>	<NN 0.06>	<RP 0.44>	<RB 0.25>	<JJ 0.16>	
<JJ> 	<CD 0.05>	<RP 0.02>	<JJ --> 	<VBD 0.52>	<IN 0.06>	<VB 0.13>	<NNP 2.03>	<VBG 0.44>	<VBN 1.63>	<NN 15.27>	<JJS 0.02>	<VBP 0.05>	<RB 0.92>	
<JJR> 	<JJ 0.02>	<JJR --> 	<NN 0.25>	<RBR 1.23>	<NNP 0.02>	
<JJS> 	<NN 0.13>	<NNP 0.05>	<JJS --> 	
<LS> 	<CD 0.06>	
<MD> 	<MD --> 	<NNP 0.03>	
<NN> 	<VBD 0.02>	<JJ 1.60>	<VBZ 0.02>	<MD 0.05>	<CD 0.09>	<CC 0.03>	<NNS 0.11>	<VBP 0.46>	<RB 0.02>	<VBN 0.03>	<NN --> 	<VB 2.03>	<IN 0.09>	<NNP 2.30>	<VBG 1.25>	
<NNP> 	<JJ 1.31>	<JJR 0.02>	<VBZ 0.02>	<CD 0.05>	<NNPS 0.62>	<NNS 0.17>	<NN 0.30>	<NNP --> 	<DT 0.08>	<IN 0.02>	<VB 0.05>	
<NNPS> 	<JJ 0.08>	<NNS 0.13>	<NNPS --> 	<NN 0.02>	<NNP 0.32>	
<NNS> 	<NN 10.19>	<CD 0.09>	<NNP 1.41>	<JJ 0.02>	<NNS --> 	<NNPS 0.14>	<VBZ 1.54>	
<PDT> 	<JJ 0.06>	<NN 0.05>	<DT 0.17>	
<POS> 	<POS --> 	
<PRP> 	<PRP --> 	<CD 0.09>	<PRP$ 0.13>	
<PRP$> 	<NNP 0.05>	<PRP$ --> 	
<RB> 	<NN 2.12>	<NNP 0.51>	<IN 2.26>	<DT 0.22>	<VB 0.13>	<RB --> 	<JJS 0.03>	<CC 0.03>	<EX 0.09>	<JJ 0.92>	<RP 0.55>	
<RBR> 	<RBR --> 	<NN 0.02>	<NNP 0.02>	<JJ 0.03>	<JJR 0.65>	
<RBS> 	<JJS 0.47>	
<RP> 	<RB 0.47>	<RP --> 	<NN 0.02>	<NNP 0.02>	<IN 0.60>	
<TO> 	<TO --> 	
<UH> 	<NN 0.02>	<DT 0.02>	<NNP 0.05>	<RB 0.05>	
<VB> 	<VBP 3.10>	<RB 0.03>	<IN 0.06>	<VB --> 	<NNP 0.27>	<VBN 0.22>	<NN 2.83>	<VBD 0.02>	<JJR 0.02>	<JJ 0.36>	
<VBD> 	<NNP 0.03>	<VB 0.16>	<NN 2.25>	<VBN 3.39>	<VBD --> 	<JJ 0.05>	
<VBG> 	<NN 4.12>	<VBG --> 	<NNP 0.36>	<VB 0.09>	<JJ 0.05>	
<VBN> 	<JJ 0.06>	<VBD 2.98>	<NN 3.20>	<VBN --> 	<NNP 0.08>	<VB 0.38>	
<VBP> 	<VBN 0.06>	<NN 1.39>	<VB 1.63>	<IN 0.02>	<NNP 0.05>	<JJ 0.06>	<VBP --> 	
<VBZ> 	<POS 1.22>	<NNS 0.66>	<VBZ --> 	<NN 1.44>	<NNP 0.08>	<VB 0.06>	
<WDT> 	<NN 0.03>	<WP 0.02>	<WDT --> 	<IN 2.18>	
<WP> 	<WP --> 	
<WP$> 	<WP$ --> 	
<WRB> 	<RB 0.02>	<WRB --> 	<NN 0.02>	
<``> 	<`` --> 	
