Total Words : 56506
Correctly Tagged Words: 47704 
Accuracy :0.844228931440909

			$ 	'' 	( 	) 	, 	. 	: 	CC 	CD 	DT 	EX 	FW 	IN 	JJ 	JJR 	JJS 	LS 	MD 	NN 	NNP 	NNPS 	NNS 	PDT 	POS 	PRP 	PRP$ 	RB 	RBR 	RBS 	RP 	TO 	UH 	VB 	VBD 	VBG 	VBN 	VBP 	VBZ 	WDT 	WP 	WP$ 	WRB 	`` 	
$ 		0.000	0.000	0.000	0.000	0.000	0.000	0.000	0.000	0.000	0.000	0.000	0.000	0.000	0.000	0.000	0.000	0.000	0.000	0.045	0.000	0.000	0.000	0.000	0.000	0.000	0.000	0.000	0.000	0.000	0.000	0.000	0.000	0.000	0.000	0.000	0.000	0.000	0.000	0.000	0.000	0.000	0.000	0.000	
'' 		0.000	0.000	0.000	0.000	0.000	0.000	0.000	0.000	0.000	0.000	0.000	0.000	0.000	0.000	0.000	0.000	0.000	0.000	0.000	0.000	0.000	0.000	0.000	0.057	0.000	0.000	0.000	0.000	0.000	0.000	0.000	0.000	0.000	0.000	0.000	0.000	0.000	0.000	0.000	0.000	0.000	0.000	0.000	
( 		0.000	0.000	0.000	0.000	0.000	0.000	0.000	0.000	0.000	0.000	0.000	0.000	0.000	0.000	0.000	0.000	0.000	0.000	0.000	0.000	0.000	0.000	0.000	0.000	0.000	0.000	0.000	0.000	0.000	0.000	0.000	0.000	0.000	0.000	0.000	0.000	0.000	0.000	0.000	0.000	0.000	0.000	0.000	
) 		0.000	0.000	0.000	0.000	0.000	0.000	0.000	0.000	0.000	0.000	0.000	0.000	0.000	0.000	0.000	0.000	0.000	0.000	0.000	0.000	0.000	0.000	0.000	0.000	0.000	0.000	0.000	0.000	0.000	0.000	0.000	0.000	0.000	0.000	0.000	0.000	0.000	0.000	0.000	0.000	0.000	0.000	0.000	
, 		0.000	0.000	0.000	0.000	0.000	0.000	0.000	0.000	0.000	0.000	0.000	0.000	0.000	0.000	0.000	0.000	0.000	0.000	0.000	0.000	0.000	0.000	0.000	0.000	0.000	0.000	0.000	0.000	0.000	0.000	0.000	0.000	0.000	0.000	0.000	0.000	0.000	0.000	0.000	0.000	0.000	0.000	0.000	
. 		0.000	0.000	0.000	0.000	0.000	0.000	0.000	0.000	0.000	0.000	0.000	0.000	0.000	0.000	0.000	0.000	0.000	0.000	0.000	0.000	0.000	0.000	0.000	0.000	0.000	0.000	0.000	0.000	0.000	0.000	0.000	0.000	0.000	0.000	0.000	0.000	0.000	0.000	0.000	0.000	0.000	0.000	0.000	
: 		0.000	0.000	0.000	0.000	0.000	0.000	0.000	0.000	0.000	0.000	0.000	0.000	0.000	0.000	0.000	0.000	0.000	0.000	0.000	0.000	0.000	0.000	0.000	0.000	0.000	0.000	0.000	0.000	0.000	0.000	0.000	0.000	0.000	0.000	0.000	0.000	0.000	0.000	0.000	0.000	0.000	0.000	0.000	
CC 		0.000	0.000	0.000	0.000	0.000	0.000	0.000	0.000	0.000	0.091	0.000	0.000	0.000	0.000	0.000	0.000	0.000	0.000	0.000	0.000	0.000	0.000	0.000	0.000	0.000	0.000	0.011	0.000	0.000	0.000	0.000	0.000	0.000	0.000	0.000	0.000	0.000	0.000	0.000	0.000	0.000	0.000	0.000	
CD 		0.000	0.000	0.000	0.000	0.000	0.000	0.000	0.000	0.000	0.000	0.000	0.000	0.000	0.000	0.000	0.000	0.000	0.000	4.692	0.000	0.000	0.000	0.000	0.000	0.000	0.000	0.000	0.000	0.000	0.000	0.000	0.000	0.000	0.000	0.000	0.000	0.000	0.000	0.000	0.000	0.000	0.000	0.000	
DT 		0.000	0.000	0.000	0.000	0.000	0.000	0.000	0.000	0.000	0.000	0.000	0.000	0.773	0.023	0.000	0.000	0.000	0.000	0.023	0.000	0.000	0.000	0.000	0.000	0.000	0.000	0.000	0.000	0.000	0.000	0.000	0.000	0.000	0.000	0.000	0.000	0.000	0.000	0.000	0.000	0.000	0.000	0.000	
EX 		0.000	0.000	0.000	0.000	0.000	0.000	0.000	0.000	0.000	0.000	0.000	0.000	0.000	0.000	0.000	0.000	0.000	0.000	0.000	0.000	0.000	0.000	0.000	0.000	0.000	0.000	0.000	0.000	0.000	0.000	0.000	0.000	0.000	0.000	0.000	0.000	0.000	0.000	0.000	0.000	0.000	0.000	0.000	
FW 		0.000	0.000	0.000	0.000	0.000	0.000	0.000	0.000	0.000	0.000	0.000	0.000	0.000	0.000	0.000	0.000	0.000	0.000	0.216	0.011	0.000	0.000	0.000	0.000	0.000	0.000	0.000	0.000	0.000	0.000	0.000	0.000	0.000	0.000	0.000	0.000	0.000	0.000	0.000	0.000	0.000	0.000	0.000	
IN 		0.000	0.000	0.000	0.000	0.000	0.000	0.000	0.000	0.000	0.045	0.000	0.000	0.000	0.114	0.000	0.000	0.000	0.000	0.182	0.000	0.000	0.000	0.000	0.000	0.000	0.000	0.182	0.000	0.000	0.318	0.000	0.000	0.000	0.000	0.000	0.000	0.000	0.000	0.000	0.000	0.000	0.000	0.000	
JJ 		0.000	0.000	0.000	0.000	0.000	0.000	0.000	0.000	0.034	0.000	0.000	0.000	0.045	0.000	0.000	0.011	0.000	0.000	11.895	0.295	0.000	0.000	0.000	0.000	0.000	0.000	0.659	0.000	0.000	0.011	0.000	0.000	0.080	0.386	0.318	1.182	0.034	0.000	0.000	0.000	0.000	0.000	0.000	
JJR 		0.000	0.000	0.000	0.000	0.000	0.000	0.000	0.000	0.000	0.000	0.000	0.000	0.000	0.011	0.000	0.000	0.000	0.000	0.182	0.011	0.000	0.000	0.000	0.000	0.000	0.000	0.000	0.886	0.000	0.000	0.000	0.000	0.000	0.000	0.000	0.000	0.000	0.000	0.000	0.000	0.000	0.000	0.000	
JJS 		0.000	0.000	0.000	0.000	0.000	0.000	0.000	0.000	0.000	0.000	0.000	0.000	0.000	0.000	0.000	0.000	0.000	0.000	0.125	0.000	0.000	0.000	0.000	0.000	0.000	0.000	0.000	0.000	0.000	0.000	0.000	0.000	0.000	0.000	0.000	0.000	0.000	0.000	0.000	0.000	0.000	0.000	0.000	
LS 		0.000	0.000	0.000	0.000	0.000	0.000	0.000	0.000	0.045	0.000	0.000	0.000	0.000	0.000	0.000	0.000	0.000	0.000	0.000	0.000	0.000	0.000	0.000	0.000	0.000	0.000	0.000	0.000	0.000	0.000	0.000	0.000	0.000	0.000	0.000	0.000	0.000	0.000	0.000	0.000	0.000	0.000	0.000	
MD 		0.000	0.000	0.000	0.000	0.000	0.000	0.000	0.000	0.000	0.000	0.000	0.000	0.000	0.000	0.000	0.000	0.000	0.000	0.023	0.000	0.000	0.000	0.000	0.000	0.000	0.000	0.000	0.000	0.000	0.000	0.000	0.000	0.000	0.000	0.000	0.000	0.000	0.000	0.000	0.000	0.000	0.000	0.000	
NN 		0.000	0.000	0.000	0.000	0.000	0.000	0.000	0.023	0.068	0.000	0.000	0.000	0.068	1.113	0.000	0.000	0.000	0.034	0.000	0.432	0.000	0.080	0.000	0.000	0.000	0.000	0.011	0.000	0.000	0.000	0.000	0.000	1.477	0.011	0.898	0.023	0.352	0.011	0.000	0.000	0.000	0.000	0.000	
NNP 		0.000	0.000	0.000	0.000	0.000	0.000	0.000	0.000	0.034	0.057	0.000	0.000	0.011	0.863	0.011	0.000	0.000	0.000	26.574	0.000	0.557	0.170	0.000	0.000	0.000	0.000	0.000	0.000	0.000	0.000	0.000	0.000	0.011	0.000	0.000	0.000	0.000	0.011	0.000	0.000	0.000	0.000	0.000	
NNPS 		0.000	0.000	0.000	0.000	0.000	0.000	0.000	0.000	0.000	0.000	0.000	0.000	0.000	0.057	0.000	0.000	0.000	0.000	0.216	0.023	0.000	0.091	0.000	0.000	0.000	0.000	0.000	0.000	0.000	0.000	0.000	0.000	0.000	0.000	0.000	0.000	0.000	0.000	0.000	0.000	0.000	0.000	0.000	
NNS 		0.000	0.000	0.000	0.000	0.000	0.000	0.000	0.000	0.080	0.000	0.000	0.000	0.000	0.182	0.000	0.000	0.000	0.000	8.237	0.080	0.102	0.000	0.000	0.000	0.000	0.000	0.000	0.000	0.000	0.000	0.000	0.000	0.000	0.000	0.000	0.000	0.000	1.091	0.000	0.000	0.000	0.000	0.000	
PDT 		0.000	0.000	0.000	0.000	0.000	0.000	0.000	0.000	0.000	0.125	0.000	0.000	0.000	0.045	0.000	0.000	0.000	0.000	0.034	0.000	0.000	0.000	0.000	0.000	0.000	0.000	0.000	0.000	0.000	0.000	0.000	0.000	0.000	0.000	0.000	0.000	0.000	0.000	0.000	0.000	0.000	0.000	0.000	
POS 		0.000	0.000	0.000	0.000	0.000	0.000	0.000	0.000	0.000	0.000	0.000	0.000	0.000	0.000	0.000	0.000	0.000	0.000	0.000	0.000	0.000	0.000	0.000	0.000	0.000	0.000	0.000	0.000	0.000	0.000	0.000	0.000	0.000	0.000	0.000	0.000	0.000	0.000	0.000	0.000	0.000	0.000	0.000	
PRP 		0.000	0.000	0.000	0.000	0.000	0.000	0.000	0.000	0.068	0.000	0.000	0.000	0.000	0.000	0.000	0.000	0.000	0.000	0.000	0.000	0.000	0.000	0.000	0.000	0.000	0.091	0.000	0.000	0.000	0.000	0.000	0.000	0.000	0.000	0.000	0.000	0.000	0.000	0.000	0.000	0.000	0.000	0.000	
PRP$ 		0.000	0.000	0.000	0.000	0.000	0.000	0.000	0.000	0.000	0.000	0.000	0.000	0.000	0.000	0.000	0.000	0.000	0.000	0.034	0.000	0.000	0.000	0.000	0.000	0.000	0.000	0.000	0.000	0.000	0.000	0.000	0.000	0.000	0.000	0.000	0.000	0.000	0.000	0.000	0.000	0.000	0.000	0.000	
RB 		0.000	0.000	0.000	0.000	0.000	0.000	0.000	0.068	0.000	0.125	0.068	0.000	1.625	0.659	0.000	0.023	0.000	0.000	1.875	0.000	0.000	0.000	0.000	0.000	0.000	0.000	0.000	0.000	0.000	0.398	0.000	0.000	0.068	0.000	0.000	0.000	0.000	0.000	0.000	0.000	0.000	0.000	0.000	
RBR 		0.000	0.000	0.000	0.000	0.000	0.000	0.000	0.000	0.000	0.000	0.000	0.000	0.000	0.023	0.466	0.000	0.000	0.000	0.023	0.000	0.000	0.000	0.000	0.000	0.000	0.000	0.000	0.000	0.000	0.000	0.000	0.000	0.000	0.000	0.000	0.000	0.000	0.000	0.000	0.000	0.000	0.000	0.000	
RBS 		0.000	0.000	0.000	0.000	0.000	0.000	0.000	0.000	0.000	0.000	0.000	0.000	0.000	0.000	0.000	0.341	0.000	0.000	0.000	0.000	0.000	0.000	0.000	0.000	0.000	0.000	0.000	0.000	0.000	0.000	0.000	0.000	0.000	0.000	0.000	0.000	0.000	0.000	0.000	0.000	0.000	0.000	0.000	
RP 		0.000	0.000	0.000	0.000	0.000	0.000	0.000	0.000	0.000	0.000	0.000	0.000	0.432	0.000	0.000	0.000	0.000	0.000	0.023	0.000	0.000	0.000	0.000	0.000	0.000	0.000	0.341	0.000	0.000	0.000	0.000	0.000	0.000	0.000	0.000	0.000	0.000	0.000	0.000	0.000	0.000	0.000	0.000	
TO 		0.000	0.000	0.000	0.000	0.000	0.000	0.000	0.000	0.000	0.000	0.000	0.000	0.000	0.000	0.000	0.000	0.000	0.000	0.000	0.000	0.000	0.000	0.000	0.000	0.000	0.000	0.000	0.000	0.000	0.000	0.000	0.000	0.000	0.000	0.000	0.000	0.000	0.000	0.000	0.000	0.000	0.000	0.000	
UH 		0.000	0.000	0.000	0.000	0.000	0.000	0.000	0.000	0.000	0.011	0.000	0.000	0.000	0.000	0.000	0.000	0.000	0.000	0.045	0.000	0.000	0.000	0.000	0.000	0.000	0.000	0.034	0.000	0.000	0.000	0.000	0.000	0.000	0.000	0.000	0.000	0.000	0.000	0.000	0.000	0.000	0.000	0.000	
VB 		0.000	0.000	0.000	0.000	0.000	0.000	0.000	0.000	0.000	0.000	0.000	0.000	0.045	0.250	0.011	0.000	0.000	0.000	4.931	0.000	0.000	0.000	0.000	0.000	0.000	0.000	0.023	0.000	0.000	0.000	0.000	0.000	0.000	0.011	0.000	0.057	2.363	0.000	0.000	0.000	0.000	0.000	0.000	
VBD 		0.000	0.000	0.000	0.000	0.000	0.000	0.000	0.000	0.000	0.000	0.000	0.000	0.000	0.045	0.000	0.000	0.000	0.000	1.636	0.000	0.000	0.000	0.000	0.000	0.000	0.000	0.000	0.000	0.000	0.000	0.000	0.000	0.114	0.000	0.000	2.397	0.000	0.000	0.000	0.000	0.000	0.000	0.000	
VBG 		0.000	0.000	0.000	0.000	0.000	0.000	0.000	0.000	0.000	0.000	0.000	0.000	0.000	0.034	0.000	0.000	0.000	0.000	3.352	0.000	0.000	0.000	0.000	0.000	0.000	0.000	0.000	0.000	0.000	0.000	0.000	0.000	0.000	0.000	0.000	0.000	0.000	0.000	0.000	0.000	0.000	0.000	0.000	
VBN 		0.000	0.000	0.000	0.000	0.000	0.000	0.000	0.000	0.000	0.000	0.000	0.000	0.000	0.045	0.000	0.000	0.000	0.000	2.295	0.000	0.000	0.000	0.000	0.000	0.000	0.000	0.000	0.000	0.000	0.000	0.000	0.000	0.398	2.340	0.000	0.000	0.000	0.000	0.000	0.000	0.000	0.000	0.000	
VBP 		0.000	0.000	0.000	0.000	0.000	0.000	0.000	0.000	0.000	0.000	0.000	0.000	0.011	0.045	0.000	0.000	0.000	0.000	1.079	0.011	0.000	0.000	0.000	0.000	0.000	0.000	0.000	0.000	0.000	0.000	0.000	0.000	1.216	0.000	0.000	0.023	0.000	0.000	0.000	0.000	0.000	0.000	0.000	
VBZ 		0.000	0.000	0.000	0.000	0.000	0.000	0.000	0.000	0.000	0.000	0.000	0.000	0.000	0.000	0.000	0.000	0.000	0.000	1.136	0.000	0.000	0.511	0.000	0.875	0.000	0.000	0.000	0.000	0.000	0.000	0.000	0.000	0.000	0.000	0.000	0.000	0.000	0.000	0.000	0.000	0.000	0.000	0.000	
WDT 		0.000	0.000	0.000	0.000	0.000	0.000	0.000	0.000	0.000	0.000	0.000	0.000	1.568	0.000	0.000	0.000	0.000	0.000	0.023	0.000	0.000	0.000	0.000	0.000	0.000	0.000	0.000	0.000	0.000	0.000	0.000	0.000	0.000	0.000	0.000	0.000	0.000	0.000	0.000	0.011	0.000	0.000	0.000	
WP 		0.000	0.000	0.000	0.000	0.000	0.000	0.000	0.000	0.000	0.000	0.000	0.000	0.000	0.000	0.000	0.000	0.000	0.000	0.000	0.000	0.000	0.000	0.000	0.000	0.000	0.000	0.000	0.000	0.000	0.000	0.000	0.000	0.000	0.000	0.000	0.000	0.000	0.000	0.000	0.000	0.000	0.000	0.000	
WP$ 		0.000	0.000	0.000	0.000	0.000	0.000	0.000	0.000	0.000	0.000	0.000	0.000	0.000	0.000	0.000	0.000	0.000	0.000	0.000	0.000	0.000	0.000	0.000	0.000	0.000	0.000	0.000	0.000	0.000	0.000	0.000	0.000	0.000	0.000	0.000	0.000	0.000	0.000	0.000	0.000	0.000	0.000	0.000	
WRB 		0.000	0.000	0.000	0.000	0.000	0.000	0.000	0.000	0.000	0.000	0.000	0.000	0.000	0.000	0.000	0.000	0.000	0.000	0.011	0.000	0.000	0.000	0.000	0.000	0.000	0.000	0.011	0.000	0.000	0.000	0.000	0.000	0.000	0.000	0.000	0.000	0.000	0.000	0.000	0.000	0.000	0.000	0.000	
`` 		0.000	0.000	0.000	0.000	0.000	0.000	0.000	0.000	0.000	0.000	0.000	0.000	0.000	0.000	0.000	0.000	0.000	0.000	0.000	0.000	0.000	0.000	0.000	0.000	0.000	0.000	0.000	0.000	0.000	0.000	0.000	0.000	0.000	0.000	0.000	0.000	0.000	0.000	0.000	0.000	0.000	0.000	0.000	

NNPS: 	NN: 0.22	NNPS: 0.00	JJ: 0.06	NNP: 0.02	NNS: 0.09	
UH: 	DT: 0.01	RB: 0.03	NN: 0.05	
PRP$: 	PRP$: 0.00	NN: 0.03	
(: 	(: 0.00	
NN: 	CD: 0.07	CC: 0.02	NN: 0.00	VBZ: 0.01	RB: 0.01	VB: 1.48	VBP: 0.35	VBD: 0.01	VBN: 0.02	NNS: 0.08	VBG: 0.90	MD: 0.03	IN: 0.07	NNP: 0.43	JJ: 1.11	
VB: 	NN: 4.93	RB: 0.02	JJR: 0.01	VB: 0.00	VBP: 2.36	VBD: 0.01	VBN: 0.06	IN: 0.05	JJ: 0.25	
WDT: 	IN: 1.57	WDT: 0.00	WP: 0.01	NN: 0.02	
RP: 	NN: 0.02	IN: 0.43	RP: 0.00	RB: 0.34	
PDT: 	DT: 0.12	JJ: 0.05	NN: 0.03	
:: 	:: 0.00	
RBS: 	JJS: 0.34	
VBG: 	JJ: 0.03	VBG: 0.00	NN: 3.35	
NNS: 	NNS: 0.00	VBZ: 1.09	NNP: 0.08	JJ: 0.18	CD: 0.08	NNPS: 0.10	NN: 8.24	
MD: 	NN: 0.02	MD: 0.00	
PRP: 	PRP: 0.00	PRP$: 0.09	CD: 0.07	
IN: 	NN: 0.18	DT: 0.05	JJ: 0.11	RB: 0.18	RP: 0.32	IN: 0.00	
POS: 	POS: 0.00	
.: 	.: 0.00	
VBZ: 	VBZ: 0.00	NNS: 0.51	POS: 0.87	NN: 1.14	
VBD: 	JJ: 0.05	VB: 0.11	VBN: 2.40	NN: 1.64	VBD: 0.00	
,: 	,: 0.00	
LS: 	CD: 0.05	
VBP: 	NN: 1.08	VBP: 0.00	VB: 1.22	NNP: 0.01	JJ: 0.05	VBN: 0.02	IN: 0.01	
'': 	'': 0.00	POS: 0.06	
WP$: 	WP$: 0.00	
CD: 	CD: 0.00	NN: 4.69	
CC: 	CC: 0.00	DT: 0.09	RB: 0.01	
JJR: 	NNP: 0.01	JJ: 0.01	JJR: 0.00	NN: 0.18	RBR: 0.89	
RB: 	JJ: 0.66	IN: 1.62	EX: 0.07	JJS: 0.02	VB: 0.07	DT: 0.12	RP: 0.40	RB: 0.00	NN: 1.87	CC: 0.07	
JJS: 	NN: 0.12	JJS: 0.00	
FW: 	NNP: 0.01	NN: 0.22	
RBR: 	RBR: 0.00	NN: 0.02	JJR: 0.47	JJ: 0.02	
WRB: 	WRB: 0.00	NN: 0.01	RB: 0.01	
): 	): 0.00	
VBN: 	VBN: 0.00	VB: 0.40	JJ: 0.05	VBD: 2.34	NN: 2.29	
DT: 	NN: 0.02	IN: 0.77	DT: 0.00	JJ: 0.02	
EX: 	EX: 0.00	
WP: 	WP: 0.00	
NNP: 	VBZ: 0.01	JJR: 0.01	DT: 0.06	VB: 0.01	CD: 0.03	NNPS: 0.56	NN: 26.57	NNS: 0.17	IN: 0.01	NNP: 0.00	JJ: 0.86	
``: 	``: 0.00	
JJ: 	NN: 11.90	CD: 0.03	VB: 0.08	RP: 0.01	RB: 0.66	JJS: 0.01	VBD: 0.39	VBP: 0.03	JJ: 0.00	NNP: 0.30	IN: 0.05	VBN: 1.18	VBG: 0.32	
$: 	$: 0.00	NN: 0.05	
TO: 	TO: 0.00	
